##########################################################
##########################################################
#                                                        #
##########################################################
#                                                        #
#                  Density of states                     #
#                                                        #
##########################################################
# ------------------------------------------------------ #
# ------------------------------------------------------ #
#                                                        #
#  1. Column: energy in eV                               #
#  2. Column: density of states in 1/eV/AA^3             #
#                                                        #
# ------------------------------------------------------ #
# ------------------------------------------------------ #
##########################################################
 -5.0000e+00  1.5232e-02
 -4.9930e+00  1.5222e-02
 -4.9860e+00  1.5211e-02
 -4.9790e+00  1.5200e-02
 -4.9720e+00  1.5190e-02
 -4.9650e+00  1.5179e-02
 -4.9580e+00  1.5168e-02
 -4.9510e+00  1.5158e-02
 -4.9439e+00  1.5147e-02
 -4.9369e+00  1.5136e-02
 -4.9299e+00  1.5125e-02
 -4.9229e+00  1.5115e-02
 -4.9159e+00  1.5104e-02
 -4.9089e+00  1.5093e-02
 -4.9019e+00  1.5082e-02
 -4.8949e+00  1.5072e-02
 -4.8879e+00  1.5061e-02
 -4.8809e+00  1.5050e-02
 -4.8739e+00  1.5039e-02
 -4.8669e+00  1.5028e-02
 -4.8599e+00  1.5018e-02
 -4.8529e+00  1.5007e-02
 -4.8458e+00  1.4996e-02
 -4.8388e+00  1.4985e-02
 -4.8318e+00  1.4974e-02
 -4.8248e+00  1.4963e-02
 -4.8178e+00  1.4952e-02
 -4.8108e+00  1.4942e-02
 -4.8038e+00  1.4931e-02
 -4.7968e+00  1.4920e-02
 -4.7898e+00  1.4909e-02
 -4.7828e+00  1.4898e-02
 -4.7758e+00  1.4887e-02
 -4.7688e+00  1.4876e-02
 -4.7618e+00  1.4865e-02
 -4.7548e+00  1.4854e-02
 -4.7477e+00  1.4843e-02
 -4.7407e+00  1.4832e-02
 -4.7337e+00  1.4821e-02
 -4.7267e+00  1.4810e-02
 -4.7197e+00  1.4799e-02
 -4.7127e+00  1.4788e-02
 -4.7057e+00  1.4777e-02
 -4.6987e+00  1.4766e-02
 -4.6917e+00  1.4755e-02
 -4.6847e+00  1.4744e-02
 -4.6777e+00  1.4733e-02
 -4.6707e+00  1.4722e-02
 -4.6637e+00  1.4711e-02
 -4.6567e+00  1.4700e-02
 -4.6496e+00  1.4689e-02
 -4.6426e+00  1.4678e-02
 -4.6356e+00  1.4667e-02
 -4.6286e+00  1.4656e-02
 -4.6216e+00  1.4645e-02
 -4.6146e+00  1.4634e-02
 -4.6076e+00  1.4623e-02
 -4.6006e+00  1.4611e-02
 -4.5936e+00  1.4600e-02
 -4.5866e+00  1.4589e-02
 -4.5796e+00  1.4578e-02
 -4.5726e+00  1.4567e-02
 -4.5656e+00  1.4556e-02
 -4.5586e+00  1.4545e-02
 -4.5516e+00  1.4533e-02
 -4.5445e+00  1.4522e-02
 -4.5375e+00  1.4511e-02
 -4.5305e+00  1.4500e-02
 -4.5235e+00  1.4489e-02
 -4.5165e+00  1.4477e-02
 -4.5095e+00  1.4466e-02
 -4.5025e+00  1.4455e-02
 -4.4955e+00  1.4444e-02
 -4.4885e+00  1.4432e-02
 -4.4815e+00  1.4421e-02
 -4.4745e+00  1.4410e-02
 -4.4675e+00  1.4398e-02
 -4.4605e+00  1.4387e-02
 -4.4535e+00  1.4376e-02
 -4.4464e+00  1.4365e-02
 -4.4394e+00  1.4353e-02
 -4.4324e+00  1.4342e-02
 -4.4254e+00  1.4331e-02
 -4.4184e+00  1.4319e-02
 -4.4114e+00  1.4308e-02
 -4.4044e+00  1.4296e-02
 -4.3974e+00  1.4285e-02
 -4.3904e+00  1.4274e-02
 -4.3834e+00  1.4262e-02
 -4.3764e+00  1.4251e-02
 -4.3694e+00  1.4240e-02
 -4.3624e+00  1.4228e-02
 -4.3554e+00  1.4217e-02
 -4.3483e+00  1.4205e-02
 -4.3413e+00  1.4194e-02
 -4.3343e+00  1.4182e-02
 -4.3273e+00  1.4171e-02
 -4.3203e+00  1.4159e-02
 -4.3133e+00  1.4148e-02
 -4.3063e+00  1.4136e-02
 -4.2993e+00  1.4125e-02
 -4.2923e+00  1.4113e-02
 -4.2853e+00  1.4102e-02
 -4.2783e+00  1.4090e-02
 -4.2713e+00  1.4079e-02
 -4.2643e+00  1.4067e-02
 -4.2573e+00  1.4056e-02
 -4.2503e+00  1.4044e-02
 -4.2432e+00  1.4032e-02
 -4.2362e+00  1.4021e-02
 -4.2292e+00  1.4009e-02
 -4.2222e+00  1.3998e-02
 -4.2152e+00  1.3986e-02
 -4.2082e+00  1.3974e-02
 -4.2012e+00  1.3963e-02
 -4.1942e+00  1.3951e-02
 -4.1872e+00  1.3939e-02
 -4.1802e+00  1.3928e-02
 -4.1732e+00  1.3916e-02
 -4.1662e+00  1.3904e-02
 -4.1592e+00  1.3893e-02
 -4.1522e+00  1.3881e-02
 -4.1451e+00  1.3869e-02
 -4.1381e+00  1.3858e-02
 -4.1311e+00  1.3846e-02
 -4.1241e+00  1.3834e-02
 -4.1171e+00  1.3822e-02
 -4.1101e+00  1.3811e-02
 -4.1031e+00  1.3799e-02
 -4.0961e+00  1.3787e-02
 -4.0891e+00  1.3775e-02
 -4.0821e+00  1.3763e-02
 -4.0751e+00  1.3752e-02
 -4.0681e+00  1.3740e-02
 -4.0611e+00  1.3728e-02
 -4.0541e+00  1.3716e-02
 -4.0470e+00  1.3704e-02
 -4.0400e+00  1.3692e-02
 -4.0330e+00  1.3680e-02
 -4.0260e+00  1.3669e-02
 -4.0190e+00  1.3657e-02
 -4.0120e+00  1.3645e-02
 -4.0050e+00  1.3633e-02
 -3.9980e+00  1.3621e-02
 -3.9910e+00  1.3609e-02
 -3.9840e+00  1.3597e-02
 -3.9770e+00  1.3585e-02
 -3.9700e+00  1.3573e-02
 -3.9630e+00  1.3561e-02
 -3.9560e+00  1.3549e-02
 -3.9489e+00  1.3537e-02
 -3.9419e+00  1.3525e-02
 -3.9349e+00  1.3513e-02
 -3.9279e+00  1.3501e-02
 -3.9209e+00  1.3489e-02
 -3.9139e+00  1.3477e-02
 -3.9069e+00  1.3465e-02
 -3.8999e+00  1.3453e-02
 -3.8929e+00  1.3441e-02
 -3.8859e+00  1.3429e-02
 -3.8789e+00  1.3416e-02
 -3.8719e+00  1.3404e-02
 -3.8649e+00  1.3392e-02
 -3.8579e+00  1.3380e-02
 -3.8509e+00  1.3368e-02
 -3.8438e+00  1.3356e-02
 -3.8368e+00  1.3344e-02
 -3.8298e+00  1.3331e-02
 -3.8228e+00  1.3319e-02
 -3.8158e+00  1.3307e-02
 -3.8088e+00  1.3295e-02
 -3.8018e+00  1.3283e-02
 -3.7948e+00  1.3270e-02
 -3.7878e+00  1.3258e-02
 -3.7808e+00  1.3246e-02
 -3.7738e+00  1.3233e-02
 -3.7668e+00  1.3221e-02
 -3.7598e+00  1.3209e-02
 -3.7528e+00  1.3197e-02
 -3.7457e+00  1.3184e-02
 -3.7387e+00  1.3172e-02
 -3.7317e+00  1.3160e-02
 -3.7247e+00  1.3147e-02
 -3.7177e+00  1.3135e-02
 -3.7107e+00  1.3122e-02
 -3.7037e+00  1.3110e-02
 -3.6967e+00  1.3098e-02
 -3.6897e+00  1.3085e-02
 -3.6827e+00  1.3073e-02
 -3.6757e+00  1.3060e-02
 -3.6687e+00  1.3048e-02
 -3.6617e+00  1.3035e-02
 -3.6547e+00  1.3023e-02
 -3.6476e+00  1.3010e-02
 -3.6406e+00  1.2998e-02
 -3.6336e+00  1.2985e-02
 -3.6266e+00  1.2973e-02
 -3.6196e+00  1.2960e-02
 -3.6126e+00  1.2948e-02
 -3.6056e+00  1.2935e-02
 -3.5986e+00  1.2923e-02
 -3.5916e+00  1.2910e-02
 -3.5846e+00  1.2897e-02
 -3.5776e+00  1.2885e-02
 -3.5706e+00  1.2872e-02
 -3.5636e+00  1.2860e-02
 -3.5566e+00  1.2847e-02
 -3.5495e+00  1.2834e-02
 -3.5425e+00  1.2822e-02
 -3.5355e+00  1.2809e-02
 -3.5285e+00  1.2796e-02
 -3.5215e+00  1.2784e-02
 -3.5145e+00  1.2771e-02
 -3.5075e+00  1.2758e-02
 -3.5005e+00  1.2745e-02
 -3.4935e+00  1.2733e-02
 -3.4865e+00  1.2720e-02
 -3.4795e+00  1.2707e-02
 -3.4725e+00  1.2694e-02
 -3.4655e+00  1.2681e-02
 -3.4585e+00  1.2669e-02
 -3.4515e+00  1.2656e-02
 -3.4444e+00  1.2643e-02
 -3.4374e+00  1.2630e-02
 -3.4304e+00  1.2617e-02
 -3.4234e+00  1.2604e-02
 -3.4164e+00  1.2591e-02
 -3.4094e+00  1.2578e-02
 -3.4024e+00  1.2565e-02
 -3.3954e+00  1.2553e-02
 -3.3884e+00  1.2540e-02
 -3.3814e+00  1.2527e-02
 -3.3744e+00  1.2514e-02
 -3.3674e+00  1.2501e-02
 -3.3604e+00  1.2488e-02
 -3.3534e+00  1.2475e-02
 -3.3463e+00  1.2462e-02
 -3.3393e+00  1.2448e-02
 -3.3323e+00  1.2435e-02
 -3.3253e+00  1.2422e-02
 -3.3183e+00  1.2409e-02
 -3.3113e+00  1.2396e-02
 -3.3043e+00  1.2383e-02
 -3.2973e+00  1.2370e-02
 -3.2903e+00  1.2357e-02
 -3.2833e+00  1.2344e-02
 -3.2763e+00  1.2330e-02
 -3.2693e+00  1.2317e-02
 -3.2623e+00  1.2304e-02
 -3.2553e+00  1.2291e-02
 -3.2482e+00  1.2278e-02
 -3.2412e+00  1.2264e-02
 -3.2342e+00  1.2251e-02
 -3.2272e+00  1.2238e-02
 -3.2202e+00  1.2224e-02
 -3.2132e+00  1.2211e-02
 -3.2062e+00  1.2198e-02
 -3.1992e+00  1.2184e-02
 -3.1922e+00  1.2171e-02
 -3.1852e+00  1.2158e-02
 -3.1782e+00  1.2144e-02
 -3.1712e+00  1.2131e-02
 -3.1642e+00  1.2118e-02
 -3.1572e+00  1.2104e-02
 -3.1502e+00  1.2091e-02
 -3.1431e+00  1.2077e-02
 -3.1361e+00  1.2064e-02
 -3.1291e+00  1.2050e-02
 -3.1221e+00  1.2037e-02
 -3.1151e+00  1.2023e-02
 -3.1081e+00  1.2010e-02
 -3.1011e+00  1.1996e-02
 -3.0941e+00  1.1983e-02
 -3.0871e+00  1.1969e-02
 -3.0801e+00  1.1955e-02
 -3.0731e+00  1.1942e-02
 -3.0661e+00  1.1928e-02
 -3.0591e+00  1.1915e-02
 -3.0521e+00  1.1901e-02
 -3.0450e+00  1.1887e-02
 -3.0380e+00  1.1874e-02
 -3.0310e+00  1.1860e-02
 -3.0240e+00  1.1846e-02
 -3.0170e+00  1.1832e-02
 -3.0100e+00  1.1819e-02
 -3.0030e+00  1.1805e-02
 -2.9960e+00  1.1791e-02
 -2.9890e+00  1.1777e-02
 -2.9820e+00  1.1764e-02
 -2.9750e+00  1.1750e-02
 -2.9680e+00  1.1736e-02
 -2.9610e+00  1.1722e-02
 -2.9540e+00  1.1708e-02
 -2.9469e+00  1.1694e-02
 -2.9399e+00  1.1680e-02
 -2.9329e+00  1.1666e-02
 -2.9259e+00  1.1652e-02
 -2.9189e+00  1.1638e-02
 -2.9119e+00  1.1625e-02
 -2.9049e+00  1.1611e-02
 -2.8979e+00  1.1597e-02
 -2.8909e+00  1.1582e-02
 -2.8839e+00  1.1568e-02
 -2.8769e+00  1.1554e-02
 -2.8699e+00  1.1540e-02
 -2.8629e+00  1.1526e-02
 -2.8559e+00  1.1512e-02
 -2.8488e+00  1.1498e-02
 -2.8418e+00  1.1484e-02
 -2.8348e+00  1.1470e-02
 -2.8278e+00  1.1455e-02
 -2.8208e+00  1.1441e-02
 -2.8138e+00  1.1427e-02
 -2.8068e+00  1.1413e-02
 -2.7998e+00  1.1399e-02
 -2.7928e+00  1.1384e-02
 -2.7858e+00  1.1370e-02
 -2.7788e+00  1.1356e-02
 -2.7718e+00  1.1341e-02
 -2.7648e+00  1.1327e-02
 -2.7578e+00  1.1313e-02
 -2.7508e+00  1.1298e-02
 -2.7437e+00  1.1284e-02
 -2.7367e+00  1.1269e-02
 -2.7297e+00  1.1255e-02
 -2.7227e+00  1.1241e-02
 -2.7157e+00  1.1226e-02
 -2.7087e+00  1.1212e-02
 -2.7017e+00  1.1197e-02
 -2.6947e+00  1.1183e-02
 -2.6877e+00  1.1168e-02
 -2.6807e+00  1.1153e-02
 -2.6737e+00  1.1139e-02
 -2.6667e+00  1.1124e-02
 -2.6597e+00  1.1110e-02
 -2.6527e+00  1.1095e-02
 -2.6456e+00  1.1080e-02
 -2.6386e+00  1.1066e-02
 -2.6316e+00  1.1051e-02
 -2.6246e+00  1.1036e-02
 -2.6176e+00  1.1021e-02
 -2.6106e+00  1.1007e-02
 -2.6036e+00  1.0992e-02
 -2.5966e+00  1.0977e-02
 -2.5896e+00  1.0962e-02
 -2.5826e+00  1.0947e-02
 -2.5756e+00  1.0933e-02
 -2.5686e+00  1.0918e-02
 -2.5616e+00  1.0903e-02
 -2.5546e+00  1.0888e-02
 -2.5475e+00  1.0873e-02
 -2.5405e+00  1.0858e-02
 -2.5335e+00  1.0843e-02
 -2.5265e+00  1.0828e-02
 -2.5195e+00  1.0813e-02
 -2.5125e+00  1.0798e-02
 -2.5055e+00  1.0783e-02
 -2.4985e+00  1.0768e-02
 -2.4915e+00  1.0753e-02
 -2.4845e+00  1.0738e-02
 -2.4775e+00  1.0722e-02
 -2.4705e+00  1.0707e-02
 -2.4635e+00  1.0692e-02
 -2.4565e+00  1.0677e-02
 -2.4494e+00  1.0662e-02
 -2.4424e+00  1.0646e-02
 -2.4354e+00  1.0631e-02
 -2.4284e+00  1.0616e-02
 -2.4214e+00  1.0600e-02
 -2.4144e+00  1.0585e-02
 -2.4074e+00  1.0570e-02
 -2.4004e+00  1.0554e-02
 -2.3934e+00  1.0539e-02
 -2.3864e+00  1.0523e-02
 -2.3794e+00  1.0508e-02
 -2.3724e+00  1.0492e-02
 -2.3654e+00  1.0477e-02
 -2.3584e+00  1.0461e-02
 -2.3514e+00  1.0446e-02
 -2.3443e+00  1.0430e-02
 -2.3373e+00  1.0415e-02
 -2.3303e+00  1.0399e-02
 -2.3233e+00  1.0383e-02
 -2.3163e+00  1.0368e-02
 -2.3093e+00  1.0352e-02
 -2.3023e+00  1.0336e-02
 -2.2953e+00  1.0321e-02
 -2.2883e+00  1.0305e-02
 -2.2813e+00  1.0289e-02
 -2.2743e+00  1.0273e-02
 -2.2673e+00  1.0257e-02
 -2.2603e+00  1.0242e-02
 -2.2533e+00  1.0226e-02
 -2.2462e+00  1.0210e-02
 -2.2392e+00  1.0194e-02
 -2.2322e+00  1.0178e-02
 -2.2252e+00  1.0162e-02
 -2.2182e+00  1.0146e-02
 -2.2112e+00  1.0130e-02
 -2.2042e+00  1.0114e-02
 -2.1972e+00  1.0098e-02
 -2.1902e+00  1.0082e-02
 -2.1832e+00  1.0065e-02
 -2.1762e+00  1.0049e-02
 -2.1692e+00  1.0033e-02
 -2.1622e+00  1.0017e-02
 -2.1552e+00  1.0001e-02
 -2.1481e+00  9.9843e-03
 -2.1411e+00  9.9680e-03
 -2.1341e+00  9.9517e-03
 -2.1271e+00  9.9353e-03
 -2.1201e+00  9.9190e-03
 -2.1131e+00  9.9026e-03
 -2.1061e+00  9.8861e-03
 -2.0991e+00  9.8697e-03
 -2.0921e+00  9.8532e-03
 -2.0851e+00  9.8367e-03
 -2.0781e+00  9.8201e-03
 -2.0711e+00  9.8036e-03
 -2.0641e+00  9.7870e-03
 -2.0571e+00  9.7703e-03
 -2.0501e+00  9.7537e-03
 -2.0430e+00  9.7370e-03
 -2.0360e+00  9.7203e-03
 -2.0290e+00  9.7035e-03
 -2.0220e+00  9.6868e-03
 -2.0150e+00  9.6700e-03
 -2.0080e+00  9.6531e-03
 -2.0010e+00  9.6363e-03
 -1.9940e+00  9.6194e-03
 -1.9870e+00  9.6025e-03
 -1.9800e+00  9.5855e-03
 -1.9730e+00  9.5686e-03
 -1.9660e+00  9.5516e-03
 -1.9590e+00  9.5345e-03
 -1.9520e+00  9.5174e-03
 -1.9449e+00  9.5003e-03
 -1.9379e+00  9.4832e-03
 -1.9309e+00  9.4661e-03
 -1.9239e+00  9.4489e-03
 -1.9169e+00  9.4316e-03
 -1.9099e+00  9.4144e-03
 -1.9029e+00  9.3971e-03
 -1.8959e+00  9.3798e-03
 -1.8889e+00  9.3624e-03
 -1.8819e+00  9.3451e-03
 -1.8749e+00  9.3276e-03
 -1.8679e+00  9.3102e-03
 -1.8609e+00  9.2927e-03
 -1.8539e+00  9.2752e-03
 -1.8468e+00  9.2577e-03
 -1.8398e+00  9.2401e-03
 -1.8328e+00  9.2225e-03
 -1.8258e+00  9.2048e-03
 -1.8188e+00  9.1871e-03
 -1.8118e+00  9.1694e-03
 -1.8048e+00  9.1517e-03
 -1.7978e+00  9.1339e-03
 -1.7908e+00  9.1161e-03
 -1.7838e+00  9.0982e-03
 -1.7768e+00  9.0803e-03
 -1.7698e+00  9.0624e-03
 -1.7628e+00  9.0445e-03
 -1.7558e+00  9.0265e-03
 -1.7487e+00  9.0084e-03
 -1.7417e+00  8.9904e-03
 -1.7347e+00  8.9723e-03
 -1.7277e+00  8.9541e-03
 -1.7207e+00  8.9360e-03
 -1.7137e+00  8.9177e-03
 -1.7067e+00  8.8995e-03
 -1.6997e+00  8.8812e-03
 -1.6927e+00  8.8629e-03
 -1.6857e+00  8.8445e-03
 -1.6787e+00  8.8261e-03
 -1.6717e+00  8.8077e-03
 -1.6647e+00  8.7892e-03
 -1.6577e+00  8.7707e-03
 -1.6507e+00  8.7521e-03
 -1.6436e+00  8.7335e-03
 -1.6366e+00  8.7149e-03
 -1.6296e+00  8.6962e-03
 -1.6226e+00  8.6775e-03
 -1.6156e+00  8.6587e-03
 -1.6086e+00  8.6399e-03
 -1.6016e+00  8.6211e-03
 -1.5946e+00  8.6022e-03
 -1.5876e+00  8.5833e-03
 -1.5806e+00  8.5643e-03
 -1.5736e+00  8.5453e-03
 -1.5666e+00  8.5263e-03
 -1.5596e+00  8.5072e-03
 -1.5526e+00  8.4881e-03
 -1.5455e+00  8.4689e-03
 -1.5385e+00  8.4497e-03
 -1.5315e+00  8.4304e-03
 -1.5245e+00  8.4111e-03
 -1.5175e+00  8.3918e-03
 -1.5105e+00  8.3724e-03
 -1.5035e+00  8.3529e-03
 -1.4965e+00  8.3334e-03
 -1.4895e+00  8.3139e-03
 -1.4825e+00  8.2943e-03
 -1.4755e+00  8.2747e-03
 -1.4685e+00  8.2550e-03
 -1.4615e+00  8.2353e-03
 -1.4545e+00  8.2155e-03
 -1.4474e+00  8.1957e-03
 -1.4404e+00  8.1759e-03
 -1.4334e+00  8.1560e-03
 -1.4264e+00  8.1360e-03
 -1.4194e+00  8.1160e-03
 -1.4124e+00  8.0959e-03
 -1.4054e+00  8.0758e-03
 -1.3984e+00  8.0557e-03
 -1.3914e+00  8.0355e-03
 -1.3844e+00  8.0152e-03
 -1.3774e+00  7.9949e-03
 -1.3704e+00  7.9745e-03
 -1.3634e+00  7.9541e-03
 -1.3564e+00  7.9336e-03
 -1.3493e+00  7.9131e-03
 -1.3423e+00  7.8926e-03
 -1.3353e+00  7.8719e-03
 -1.3283e+00  7.8512e-03
 -1.3213e+00  7.8305e-03
 -1.3143e+00  7.8097e-03
 -1.3073e+00  7.7889e-03
 -1.3003e+00  7.7680e-03
 -1.2933e+00  7.7470e-03
 -1.2863e+00  7.7260e-03
 -1.2793e+00  7.7049e-03
 -1.2723e+00  7.6838e-03
 -1.2653e+00  7.6626e-03
 -1.2583e+00  7.6414e-03
 -1.2513e+00  7.6201e-03
 -1.2442e+00  7.5987e-03
 -1.2372e+00  7.5773e-03
 -1.2302e+00  7.5558e-03
 -1.2232e+00  7.5342e-03
 -1.2162e+00  7.5126e-03
 -1.2092e+00  7.4909e-03
 -1.2022e+00  7.4692e-03
 -1.1952e+00  7.4474e-03
 -1.1882e+00  7.4255e-03
 -1.1812e+00  7.4036e-03
 -1.1742e+00  7.3816e-03
 -1.1672e+00  7.3596e-03
 -1.1602e+00  7.3374e-03
 -1.1532e+00  7.3153e-03
 -1.1461e+00  7.2930e-03
 -1.1391e+00  7.2707e-03
 -1.1321e+00  7.2483e-03
 -1.1251e+00  7.2258e-03
 -1.1181e+00  7.2033e-03
 -1.1111e+00  7.1807e-03
 -1.1041e+00  7.1580e-03
 -1.0971e+00  7.1352e-03
 -1.0901e+00  7.1124e-03
 -1.0831e+00  7.0895e-03
 -1.0761e+00  7.0665e-03
 -1.0691e+00  7.0435e-03
 -1.0621e+00  7.0204e-03
 -1.0551e+00  6.9972e-03
 -1.0480e+00  6.9739e-03
 -1.0410e+00  6.9506e-03
 -1.0340e+00  6.9271e-03
 -1.0270e+00  6.9036e-03
 -1.0200e+00  6.8800e-03
 -1.0130e+00  6.8564e-03
 -1.0060e+00  6.8326e-03
 -9.9900e-01  6.8088e-03
 -9.9199e-01  6.7848e-03
 -9.8498e-01  6.7608e-03
 -9.7798e-01  6.7367e-03
 -9.7097e-01  6.7126e-03
 -9.6396e-01  6.6883e-03
 -9.5696e-01  6.6640e-03
 -9.4995e-01  6.6395e-03
 -9.4294e-01  6.6150e-03
 -9.3594e-01  6.5904e-03
 -9.2893e-01  6.5656e-03
 -9.2192e-01  6.5408e-03
 -9.1491e-01  6.5159e-03
 -9.0791e-01  6.4909e-03
 -9.0090e-01  6.4658e-03
 -8.9389e-01  6.4406e-03
 -8.8689e-01  6.4153e-03
 -8.7988e-01  6.3900e-03
 -8.7287e-01  6.3645e-03
 -8.6587e-01  6.3389e-03
 -8.5886e-01  6.3132e-03
 -8.5185e-01  6.2874e-03
 -8.4484e-01  6.2614e-03
 -8.3784e-01  6.2354e-03
 -8.3083e-01  6.2093e-03
 -8.2382e-01  6.1831e-03
 -8.1682e-01  6.1567e-03
 -8.0981e-01  6.1302e-03
 -8.0280e-01  6.1037e-03
 -7.9580e-01  6.0770e-03
 -7.8879e-01  6.0502e-03
 -7.8178e-01  6.0232e-03
 -7.7477e-01  5.9962e-03
 -7.6777e-01  5.9690e-03
 -7.6076e-01  5.9417e-03
 -7.5375e-01  5.9143e-03
 -7.4675e-01  5.8867e-03
 -7.3974e-01  5.8590e-03
 -7.3273e-01  5.8312e-03
 -7.2573e-01  5.8033e-03
 -7.1872e-01  5.7752e-03
 -7.1171e-01  5.7470e-03
 -7.0470e-01  5.7186e-03
 -6.9770e-01  5.6901e-03
 -6.9069e-01  5.6615e-03
 -6.8368e-01  5.6327e-03
 -6.7668e-01  5.6037e-03
 -6.6967e-01  5.5746e-03
 -6.6266e-01  5.5454e-03
 -6.5566e-01  5.5160e-03
 -6.4865e-01  5.4864e-03
 -6.4164e-01  5.4567e-03
 -6.3463e-01  5.4268e-03
 -6.2763e-01  5.3968e-03
 -6.2062e-01  5.3666e-03
 -6.1361e-01  5.3362e-03
 -6.0661e-01  5.3057e-03
 -5.9960e-01  5.2749e-03
 -5.9259e-01  5.2440e-03
 -5.8559e-01  5.2129e-03
 -5.7858e-01  5.1816e-03
 -5.7157e-01  5.1502e-03
 -5.6456e-01  5.1185e-03
 -5.5756e-01  5.0866e-03
 -5.5055e-01  5.0546e-03
 -5.4354e-01  5.0223e-03
 -5.3654e-01  4.9898e-03
 -5.2953e-01  4.9571e-03
 -5.2252e-01  4.9242e-03
 -5.1552e-01  4.8911e-03
 -5.0851e-01  4.8577e-03
 -5.0150e-01  4.8242e-03
 -4.9449e-01  4.7903e-03
 -4.8749e-01  4.7563e-03
 -4.8048e-01  4.7220e-03
 -4.7347e-01  4.6874e-03
 -4.6647e-01  4.6526e-03
 -4.5946e-01  4.6175e-03
 -4.5245e-01  4.5822e-03
 -4.4545e-01  4.5466e-03
 -4.3844e-01  4.5107e-03
 -4.3143e-01  4.4745e-03
 -4.2442e-01  4.4380e-03
 -4.1742e-01  4.4012e-03
 -4.1041e-01  4.3641e-03
 -4.0340e-01  4.3267e-03
 -3.9640e-01  4.2889e-03
 -3.8939e-01  4.2509e-03
 -3.8238e-01  4.2125e-03
 -3.7538e-01  4.1737e-03
 -3.6837e-01  4.1345e-03
 -3.6136e-01  4.0950e-03
 -3.5435e-01  4.0551e-03
 -3.4735e-01  4.0148e-03
 -3.4034e-01  3.9741e-03
 -3.3333e-01  3.9330e-03
 -3.2633e-01  3.8915e-03
 -3.1932e-01  3.8494e-03
 -3.1231e-01  3.8070e-03
 -3.0531e-01  3.7640e-03
 -2.9830e-01  3.7206e-03
 -2.9129e-01  3.6766e-03
 -2.8428e-01  3.6321e-03
 -2.7728e-01  3.5871e-03
 -2.7027e-01  3.5415e-03
 -2.6326e-01  3.4953e-03
 -2.5626e-01  3.4484e-03
 -2.4925e-01  3.4010e-03
 -2.4224e-01  3.3528e-03
 -2.3524e-01  3.3040e-03
 -2.2823e-01  3.2544e-03
 -2.2122e-01  3.2040e-03
 -2.1421e-01  3.1529e-03
 -2.0721e-01  3.1009e-03
 -2.0020e-01  3.0480e-03
 -1.9319e-01  2.9942e-03
 -1.8619e-01  2.9394e-03
 -1.7918e-01  2.8836e-03
 -1.7217e-01  2.8266e-03
 -1.6517e-01  2.7685e-03
 -1.5816e-01  2.7091e-03
 -1.5115e-01  2.6484e-03
 -1.4414e-01  2.5863e-03
 -1.3714e-01  2.5227e-03
 -1.3013e-01  2.4574e-03
 -1.2312e-01  2.3903e-03
 -1.1612e-01  2.3213e-03
 -1.0911e-01  2.2502e-03
 -1.0210e-01  2.1767e-03
 -9.5095e-02  2.1007e-03
 -8.8088e-02  2.0218e-03
 -8.1081e-02  1.9397e-03
 -7.4074e-02  1.8540e-03
 -6.7067e-02  1.7642e-03
 -6.0060e-02  1.6695e-03
 -5.3053e-02  1.5691e-03
 -4.6046e-02  1.4618e-03
 -3.9039e-02  1.3460e-03
 -3.2032e-02  1.2192e-03
 -2.5025e-02  1.0776e-03
 -1.8018e-02  9.1441e-04
 -1.1011e-02  7.1482e-04
 -4.0040e-03  4.3106e-04
  3.0030e-03  0.0000e+00
  1.0010e-02  0.0000e+00
  1.7017e-02  0.0000e+00
  2.4024e-02  0.0000e+00
  3.1031e-02  0.0000e+00
  3.8038e-02  0.0000e+00
  4.5045e-02  0.0000e+00
  5.2052e-02  0.0000e+00
  5.9059e-02  0.0000e+00
  6.6066e-02  0.0000e+00
  7.3073e-02  0.0000e+00
  8.0080e-02  0.0000e+00
  8.7087e-02  0.0000e+00
  9.4094e-02  0.0000e+00
  1.0110e-01  0.0000e+00
  1.0811e-01  0.0000e+00
  1.1512e-01  0.0000e+00
  1.2212e-01  0.0000e+00
  1.2913e-01  0.0000e+00
  1.3614e-01  0.0000e+00
  1.4314e-01  0.0000e+00
  1.5015e-01  0.0000e+00
  1.5716e-01  0.0000e+00
  1.6416e-01  0.0000e+00
  1.7117e-01  0.0000e+00
  1.7818e-01  0.0000e+00
  1.8519e-01  0.0000e+00
  1.9219e-01  0.0000e+00
  1.9920e-01  0.0000e+00
  2.0621e-01  0.0000e+00
  2.1321e-01  0.0000e+00
  2.2022e-01  0.0000e+00
  2.2723e-01  0.0000e+00
  2.3423e-01  0.0000e+00
  2.4124e-01  0.0000e+00
  2.4825e-01  0.0000e+00
  2.5526e-01  0.0000e+00
  2.6226e-01  0.0000e+00
  2.6927e-01  0.0000e+00
  2.7628e-01  0.0000e+00
  2.8328e-01  0.0000e+00
  2.9029e-01  0.0000e+00
  2.9730e-01  0.0000e+00
  3.0430e-01  0.0000e+00
  3.1131e-01  0.0000e+00
  3.1832e-01  0.0000e+00
  3.2533e-01  0.0000e+00
  3.3233e-01  0.0000e+00
  3.3934e-01  0.0000e+00
  3.4635e-01  0.0000e+00
  3.5335e-01  0.0000e+00
  3.6036e-01  0.0000e+00
  3.6737e-01  0.0000e+00
  3.7437e-01  0.0000e+00
  3.8138e-01  0.0000e+00
  3.8839e-01  0.0000e+00
  3.9540e-01  0.0000e+00
  4.0240e-01  0.0000e+00
  4.0941e-01  0.0000e+00
  4.1642e-01  0.0000e+00
  4.2342e-01  0.0000e+00
  4.3043e-01  0.0000e+00
  4.3744e-01  0.0000e+00
  4.4444e-01  0.0000e+00
  4.5145e-01  0.0000e+00
  4.5846e-01  0.0000e+00
  4.6547e-01  0.0000e+00
  4.7247e-01  0.0000e+00
  4.7948e-01  0.0000e+00
  4.8649e-01  0.0000e+00
  4.9349e-01  0.0000e+00
  5.0050e-01  0.0000e+00
  5.0751e-01  0.0000e+00
  5.1451e-01  0.0000e+00
  5.2152e-01  0.0000e+00
  5.2853e-01  0.0000e+00
  5.3554e-01  0.0000e+00
  5.4254e-01  0.0000e+00
  5.4955e-01  0.0000e+00
  5.5656e-01  0.0000e+00
  5.6356e-01  0.0000e+00
  5.7057e-01  0.0000e+00
  5.7758e-01  0.0000e+00
  5.8458e-01  0.0000e+00
  5.9159e-01  0.0000e+00
  5.9860e-01  0.0000e+00
  6.0561e-01  0.0000e+00
  6.1261e-01  0.0000e+00
  6.1962e-01  0.0000e+00
  6.2663e-01  0.0000e+00
  6.3363e-01  0.0000e+00
  6.4064e-01  0.0000e+00
  6.4765e-01  0.0000e+00
  6.5465e-01  0.0000e+00
  6.6166e-01  0.0000e+00
  6.6867e-01  0.0000e+00
  6.7568e-01  0.0000e+00
  6.8268e-01  0.0000e+00
  6.8969e-01  0.0000e+00
  6.9670e-01  0.0000e+00
  7.0370e-01  0.0000e+00
  7.1071e-01  0.0000e+00
  7.1772e-01  0.0000e+00
  7.2472e-01  0.0000e+00
  7.3173e-01  0.0000e+00
  7.3874e-01  0.0000e+00
  7.4575e-01  0.0000e+00
  7.5275e-01  0.0000e+00
  7.5976e-01  0.0000e+00
  7.6677e-01  0.0000e+00
  7.7377e-01  0.0000e+00
  7.8078e-01  0.0000e+00
  7.8779e-01  0.0000e+00
  7.9479e-01  0.0000e+00
  8.0180e-01  0.0000e+00
  8.0881e-01  0.0000e+00
  8.1582e-01  0.0000e+00
  8.2282e-01  0.0000e+00
  8.2983e-01  0.0000e+00
  8.3684e-01  0.0000e+00
  8.4384e-01  0.0000e+00
  8.5085e-01  0.0000e+00
  8.5786e-01  0.0000e+00
  8.6486e-01  0.0000e+00
  8.7187e-01  0.0000e+00
  8.7888e-01  0.0000e+00
  8.8589e-01  0.0000e+00
  8.9289e-01  0.0000e+00
  8.9990e-01  0.0000e+00
  9.0691e-01  0.0000e+00
  9.1391e-01  0.0000e+00
  9.2092e-01  0.0000e+00
  9.2793e-01  0.0000e+00
  9.3493e-01  0.0000e+00
  9.4194e-01  0.0000e+00
  9.4895e-01  0.0000e+00
  9.5596e-01  0.0000e+00
  9.6296e-01  0.0000e+00
  9.6997e-01  0.0000e+00
  9.7698e-01  0.0000e+00
  9.8398e-01  0.0000e+00
  9.9099e-01  0.0000e+00
  9.9800e-01  0.0000e+00
  1.0050e+00  0.0000e+00
  1.0120e+00  0.0000e+00
  1.0190e+00  0.0000e+00
  1.0260e+00  0.0000e+00
  1.0330e+00  0.0000e+00
  1.0400e+00  0.0000e+00
  1.0470e+00  0.0000e+00
  1.0541e+00  0.0000e+00
  1.0611e+00  0.0000e+00
  1.0681e+00  0.0000e+00
  1.0751e+00  0.0000e+00
  1.0821e+00  0.0000e+00
  1.0891e+00  0.0000e+00
  1.0961e+00  0.0000e+00
  1.1031e+00  0.0000e+00
  1.1101e+00  0.0000e+00
  1.1171e+00  0.0000e+00
  1.1241e+00  0.0000e+00
  1.1311e+00  0.0000e+00
  1.1381e+00  0.0000e+00
  1.1451e+00  0.0000e+00
  1.1522e+00  0.0000e+00
  1.1592e+00  0.0000e+00
  1.1662e+00  0.0000e+00
  1.1732e+00  0.0000e+00
  1.1802e+00  0.0000e+00
  1.1872e+00  0.0000e+00
  1.1942e+00  0.0000e+00
  1.2012e+00  0.0000e+00
  1.2082e+00  0.0000e+00
  1.2152e+00  0.0000e+00
  1.2222e+00  0.0000e+00
  1.2292e+00  0.0000e+00
  1.2362e+00  0.0000e+00
  1.2432e+00  0.0000e+00
  1.2503e+00  0.0000e+00
  1.2573e+00  0.0000e+00
  1.2643e+00  0.0000e+00
  1.2713e+00  0.0000e+00
  1.2783e+00  0.0000e+00
  1.2853e+00  0.0000e+00
  1.2923e+00  0.0000e+00
  1.2993e+00  0.0000e+00
  1.3063e+00  0.0000e+00
  1.3133e+00  0.0000e+00
  1.3203e+00  0.0000e+00
  1.3273e+00  0.0000e+00
  1.3343e+00  0.0000e+00
  1.3413e+00  0.0000e+00
  1.3483e+00  0.0000e+00
  1.3554e+00  0.0000e+00
  1.3624e+00  0.0000e+00
  1.3694e+00  0.0000e+00
  1.3764e+00  0.0000e+00
  1.3834e+00  0.0000e+00
  1.3904e+00  0.0000e+00
  1.3974e+00  0.0000e+00
  1.4044e+00  0.0000e+00
  1.4114e+00  0.0000e+00
  1.4184e+00  0.0000e+00
  1.4254e+00  0.0000e+00
  1.4324e+00  0.0000e+00
  1.4394e+00  0.0000e+00
  1.4464e+00  0.0000e+00
  1.4535e+00  0.0000e+00
  1.4605e+00  0.0000e+00
  1.4675e+00  0.0000e+00
  1.4745e+00  0.0000e+00
  1.4815e+00  0.0000e+00
  1.4885e+00  0.0000e+00
  1.4955e+00  0.0000e+00
  1.5025e+00  0.0000e+00
  1.5095e+00  0.0000e+00
  1.5165e+00  0.0000e+00
  1.5235e+00  0.0000e+00
  1.5305e+00  0.0000e+00
  1.5375e+00  0.0000e+00
  1.5445e+00  0.0000e+00
  1.5516e+00  0.0000e+00
  1.5586e+00  0.0000e+00
  1.5656e+00  0.0000e+00
  1.5726e+00  0.0000e+00
  1.5796e+00  0.0000e+00
  1.5866e+00  0.0000e+00
  1.5936e+00  0.0000e+00
  1.6006e+00  0.0000e+00
  1.6076e+00  0.0000e+00
  1.6146e+00  0.0000e+00
  1.6216e+00  0.0000e+00
  1.6286e+00  0.0000e+00
  1.6356e+00  0.0000e+00
  1.6426e+00  0.0000e+00
  1.6496e+00  0.0000e+00
  1.6567e+00  0.0000e+00
  1.6637e+00  0.0000e+00
  1.6707e+00  0.0000e+00
  1.6777e+00  0.0000e+00
  1.6847e+00  0.0000e+00
  1.6917e+00  0.0000e+00
  1.6987e+00  0.0000e+00
  1.7057e+00  0.0000e+00
  1.7127e+00  0.0000e+00
  1.7197e+00  0.0000e+00
  1.7267e+00  0.0000e+00
  1.7337e+00  0.0000e+00
  1.7407e+00  0.0000e+00
  1.7477e+00  0.0000e+00
  1.7548e+00  0.0000e+00
  1.7618e+00  0.0000e+00
  1.7688e+00  0.0000e+00
  1.7758e+00  0.0000e+00
  1.7828e+00  0.0000e+00
  1.7898e+00  0.0000e+00
  1.7968e+00  0.0000e+00
  1.8038e+00  0.0000e+00
  1.8108e+00  0.0000e+00
  1.8178e+00  0.0000e+00
  1.8248e+00  0.0000e+00
  1.8318e+00  0.0000e+00
  1.8388e+00  0.0000e+00
  1.8458e+00  0.0000e+00
  1.8529e+00  0.0000e+00
  1.8599e+00  0.0000e+00
  1.8669e+00  0.0000e+00
  1.8739e+00  0.0000e+00
  1.8809e+00  0.0000e+00
  1.8879e+00  0.0000e+00
  1.8949e+00  0.0000e+00
  1.9019e+00  0.0000e+00
  1.9089e+00  0.0000e+00
  1.9159e+00  0.0000e+00
  1.9229e+00  0.0000e+00
  1.9299e+00  0.0000e+00
  1.9369e+00  0.0000e+00
  1.9439e+00  0.0000e+00
  1.9510e+00  0.0000e+00
  1.9580e+00  0.0000e+00
  1.9650e+00  0.0000e+00
  1.9720e+00  0.0000e+00
  1.9790e+00  0.0000e+00
  1.9860e+00  0.0000e+00
  1.9930e+00  0.0000e+00
  2.0000e+00  0.0000e+00
